1234
8590
9472
9051
3576
5166
9682
6789
8424
9869
7281
6605
5799
4926
0191
3660
8796
8917
6023
5446
2728
2357
1050
9807
6154
9487
7620
1863
507
0833
7576
4651
5706
1715
0495
9689
5265
7916
0639
3250
9737
8445
4113
9453
6860
9177
2013
1484
9890
4139
0376
6934
9606
7628
3782
9893
7683
5206
8652
5164
5302
7985
9408
4205
5694
3402
2380
4782
2394
6163
7706
3781
0856
8866
5382
2429
5214
1092
1546
0916
9204
9057
7801
8587
9135
7037
2448
6199
4816
0158
2413
9082
0332
3041
3416
4276
8405
9522
5065
0709
9154

1429
5472